10 
11 
13 
30 
38 
39 
41 
42 
43 
50 
52 
54 
57 
58 
76 
78 
100 
103 
127 
134 
135 
137 
154 
162 
174 
177 
185 
199 
222 
224 
225 
246 
247 
251 
252 
257 
258 
262 
263 
267 
273 
277 
278 
297 
300 
304 
309 
317 
320 
321 
322 
337 
338 
345 
346 
352 
361 
362 
367 
368 
371 
380 
381 
384 
390 
391 
394 
401 
409 
411 
414 
416 
429 
431 
432 
443 
447 
448 
450 
473 
474 
479 
480 
490 
491 
494 
500 
501 
504 
512 
520 
522 
525 
540 
542 
543 
544 
545 
554 
557 
558 
561 
598 
599 
608 
609 
612 
613 
618 
619 
622 
626 
638 
639 
642 
663 
664 
665 
669 
676 
677 
692 
693 
696 
702 
704 
709 
714 
719 
720 
721 
722 
728 
744 
745 
757 
760 
762 
764 
766 
767 
