3 0 2
0 1 2
4 5 7
5 6 7
8 3 9
3 2 9
8 10 12
10 11 12
27 24 26
24 25 26
32 33 35
33 34 35
36 37 39
37 38 39
40 41 5
41 42 5
5 42 6
42 43 6
44 33 45
33 32 45
49 46 48
46 47 48
53 50 52
0 3 61
3 60 61
65 62 64
62 63 64
69 66 68
66 67 68
73 70 72
70 71 72
77 74 76
74 75 76
79 53 78
53 52 78
68 63 69
63 93 69
3 8 60
8 12 60
24 27 68
27 94 68
68 67 24
67 95 24
99 96 98
96 97 98
100 101 103
101 102 103
107 106 53
106 50 53
108 107 79
107 53 79
112 109 111
109 110 111
115 113 4
113 114 4
114 40 4
40 5 4
35 34 110
34 116 110
34 117 116
117 118 116
33 119 34
119 117 34
33 44 119
44 120 119
126 123 125
123 124 125
129 13 128
131 45 130
45 32 130
63 62 93
62 132 93
140 137 139
137 138 139
142 77 141
77 76 141
71 146 148
146 147 148
152 149 151
149 150 151
57 155 156
66 146 67
146 157 67
159 95 157
95 67 157
64 129 65
129 128 65
167 164 166
164 165 166
171 168 170
168 169 170
169 172 170
172 173 170
188 159 70
159 157 70
139 138 171
138 168 171
70 157 71
157 146 71
166 165 48
165 194 48
156 49 189
49 195 189
196 197 199
197 198 199
222 223 224
151 150 228
150 137 228
238 47 237
47 46 237
240 115 7
115 4 7
159 188 242
188 241 242
98 97 244
97 243 244
237 46 245
46 155 245
76 75 246
123 248 124
248 249 124
110 109 35
109 254 35
255 32 254
32 35 254
138 132 168
132 62 168
65 169 62
169 168 62
65 128 169
128 172 169
265 112 264
112 111 264
10 266 267
66 69 268
69 152 268
140 164 177
164 174 177
69 93 152
93 149 152
151 271 152
271 268 152
107 108 44
108 120 44
156 155 49
155 46 49
77 142 148
142 275 148
271 74 268
74 147 268
49 48 195
48 194 195
74 77 147
77 148 147
281 280 238
280 47 238
167 223 225
223 222 225
224 223 281
223 280 281
225 174 167
174 164 167
228 137 262
154 257 97
257 243 97
245 155 273
155 57 273
54 50 284
50 106 284
95 159 285
159 242 285
284 106 131
106 45 131
252 251 248
251 249 248
24 95 25
95 285 25
228 288 151
288 271 151
137 150 138
150 132 138
93 132 149
132 150 149
110 116 111
116 37 111
116 118 37
118 122 37
36 264 37
264 111 37
268 147 66
147 146 66
166 280 167
280 223 167
106 107 45
107 44 45
48 47 166
47 280 166
37 122 38
245 273 298
273 297 298
300 224 301
224 281 301
309 323 304
317 324 309
324 323 309
326 325 323
325 322 323
323 324 326
324 327 326
329 328 326
328 325 326
331 325 330
325 328 330
326 327 329
327 332 329
322 325 321
325 331 321
298 297 331
297 321 331
324 317 333
317 320 333
340 237 298
237 245 298
301 281 341
281 238 341
237 340 238
340 341 238
340 330 341
330 342 341
330 328 342
328 343 342
344 301 342
301 341 342
331 330 298
330 340 298
345 300 344
300 301 344
346 345 347
345 344 347
348 346 349
346 347 349
347 344 343
344 342 343
343 350 347
350 349 347
346 348 337
348 351 337
351 352 337
355 353 354
353 351 354
349 354 348
354 351 348
351 353 352
353 333 352
320 338 333
338 352 333
350 343 329
343 328 329
355 350 332
350 329 332
355 354 350
354 349 350
353 355 327
355 332 327
333 353 324
353 327 324
164 140 165
140 139 165
195 194 170
194 171 170
189 195 173
195 170 173
165 139 194
139 171 194
137 140 263
140 177 263
359 356 358
356 357 358
371 246 370
246 75 370
362 361 373
361 372 373
377 374 376
374 375 376
288 228 379
228 378 379
228 262 378
262 380 378
362 373 367
373 385 367
75 288 370
288 379 370
376 375 358
375 386 358
373 359 385
359 387 385
390 391 392
397 357 396
357 356 396
396 356 398
356 372 398
371 374 384
374 381 384
373 372 359
372 356 359
359 358 387
358 386 387
403 402 397
402 357 397
377 392 394
392 391 394
392 402 393
402 403 393
394 381 377
381 374 377
398 372 401
372 361 401
367 385 368
385 380 368
376 402 377
402 392 377
358 357 376
357 402 376
410 398 409
398 401 409
413 412 403
412 393 403
433 432 416
416 429 433
429 434 433
436 435 433
435 432 433
433 434 436
434 437 436
439 438 436
438 435 436
441 435 440
435 438 440
437 442 436
442 439 436
431 432 441
432 435 441
410 409 441
409 431 441
434 429 444
429 443 444
452 396 410
396 398 410
413 403 453
403 397 453
396 452 397
452 453 397
452 440 453
440 454 453
440 438 454
438 455 454
456 413 454
413 453 454
440 452 441
452 410 441
457 412 456
412 413 456
458 457 459
457 456 459
460 458 461
458 459 461
459 456 455
456 454 455
455 462 459
462 461 459
467 465 466
465 463 466
461 466 460
466 463 460
463 465 464
465 444 464
443 450 444
462 455 439
455 438 439
467 462 442
462 439 442
467 466 462
466 461 462
465 467 437
467 442 437
444 465 434
465 437 434
374 371 375
371 370 375
387 386 378
386 379 378
385 387 380
387 378 380
375 370 386
370 379 386
371 384 277
185 368 380
468 469 471
469 470 471
487 484 486
484 485 486
141 76 489
76 488 489
76 247 488
247 490 488
470 486 496
486 485 496
483 471 495
471 497 495
500 501 503
501 502 503
507 469 506
469 468 506
506 468 508
468 482 508
510 484 494
484 491 494
482 468 483
468 471 483
471 470 497
470 496 497
514 513 507
513 469 507
502 501 487
501 504 487
503 502 514
502 513 514
504 491 487
491 484 487
486 513 487
513 502 487
470 469 486
469 513 486
500 503 522
503 523 522
523 503 524
503 514 524
546 543 547
543 544 547
547 544 548
544 545 548
549 546 550
546 547 550
546 549 552
549 551 552
548 553 547
553 550 547
543 546 542
545 540 555
540 554 555
563 506 521
506 508 521
524 514 564
514 507 564
506 563 507
563 564 507
563 551 564
551 565 564
551 549 565
549 566 565
567 524 565
524 564 565
552 551 521
551 563 521
568 523 567
523 524 567
522 523 525
523 568 525
525 568 559
568 569 559
569 568 570
568 567 570
571 569 572
569 570 572
570 567 566
567 565 566
566 573 570
573 572 570
560 559 571
559 569 571
571 574 560
574 575 560
578 576 577
576 574 577
572 577 571
577 574 571
574 576 575
576 555 575
554 561 555
561 575 555
560 575 558
575 561 558
573 566 550
566 549 550
578 573 553
573 550 553
578 577 573
577 572 573
548 576 553
576 578 553
555 576 545
576 548 545
484 510 485
510 579 485
497 496 488
496 489 488
495 497 490
497 488 490
579 489 485
489 496 485
198 510 162
510 494 162
583 580 582
580 581 582
594 595 597
595 596 597
600 601 603
601 602 603
604 605 607
605 606 607
605 199 606
199 608 606
595 604 596
604 607 596
582 602 614
602 601 614
599 583 613
583 615 613
621 618 620
618 619 620
625 581 624
581 580 624
624 580 626
580 598 626
600 609 597
609 612 597
599 598 583
598 580 583
583 582 615
582 614 615
631 630 625
630 581 625
620 619 603
619 622 603
621 620 631
620 630 631
609 600 622
600 603 622
630 620 602
620 603 602
581 630 582
630 602 582
618 621 639
621 640 639
640 621 641
621 631 641
666 663 667
663 664 667
663 666 669
666 668 669
665 670 664
670 667 664
680 624 638
624 626 638
641 631 681
631 625 681
680 681 624
681 625 624
681 680 682
680 668 682
682 668 683
668 666 683
684 641 682
641 681 682
669 668 638
668 680 638
685 640 684
640 641 684
640 685 639
685 642 639
685 686 642
686 676 642
686 685 687
685 684 687
688 686 689
686 687 689
687 684 683
684 682 683
683 690 687
690 689 687
677 676 688
676 686 688
688 691 677
691 692 677
695 693 694
693 691 694
689 694 688
694 691 688
691 693 692
683 666 690
666 667 690
695 690 670
690 667 670
695 694 690
694 689 690
693 695 665
695 670 665
597 596 600
596 601 600
614 607 615
607 606 615
613 615 608
615 606 608
597 612 594
612 696 594
596 607 601
607 614 601
267 125 700
125 699 700
125 124 699
124 701 699
703 249 702
249 251 702
267 700 704
701 124 703
124 249 703
710 703 709
703 702 709
711 701 710
701 703 710
720 717 719
717 718 719
719 718 722
717 720 730
720 728 730
721 732 709
732 710 709
718 733 721
733 732 721
717 734 718
734 733 718
730 735 717
735 734 717
736 733 737
733 734 737
737 734 738
734 735 738
739 736 740
736 737 740
736 739 742
739 741 742
738 743 737
743 740 737
733 736 732
736 742 732
711 710 742
710 732 742
735 730 745
730 744 745
730 728 744
699 701 753
701 711 753
704 700 714
700 754 714
753 754 699
754 700 699
754 753 755
753 741 755
755 741 756
741 739 756
757 714 755
714 754 755
742 741 711
741 753 711
760 757 756
757 755 756
756 763 760
763 762 760
766 764 768
764 767 768
756 739 763
739 740 763
768 763 743
763 740 743
768 767 763
767 762 763
766 768 738
768 743 738
745 766 735
766 738 735
510 198 579
198 197 579
75 74 288
74 271 288
197 141 579
141 489 579
141 197 142
197 196 142
72 71 275
71 148 275
103 102 278
102 769 278
769 595 278
595 594 278
604 595 770
595 769 770
770 769 771
769 102 771
771 102 772
102 101 772
101 100 773
100 154 773
772 101 96
101 773 96
96 99 772
99 774 772
772 774 771
774 775 771
771 775 770
775 776 770
199 605 196
605 776 196
73 777 70
777 188 70
154 97 773
97 96 773
142 196 275
196 776 275
604 770 605
770 776 605
594 696 278
72 275 775
275 776 775
775 774 72
774 73 72
73 774 777
774 99 777
777 99 188
99 98 188
188 98 241
98 244 241
130 32 255
61 94 0
94 27 0
0 27 1
27 26 1
113 265 114
265 264 114
94 61 68
61 63 68
64 63 60
63 61 60
129 64 12
64 60 12
13 129 11
129 12 11
11 10 30
6 43 248
43 252 248
125 267 126
267 266 126
115 240 2
240 9 2
113 115 1
115 2 1
265 113 26
113 1 26
112 265 25
265 26 25
109 112 285
112 25 285
254 109 242
109 285 242
255 254 241
254 242 241
130 255 244
255 241 244
131 130 243
130 244 243
40 114 36
114 264 36
40 36 41
36 39 41
131 243 284
243 257 284
284 257 54
7 6 123
6 248 123
240 7 126
7 123 126
9 240 266
240 126 266
9 266 8
266 10 8
199 198 162
558 557 560
557 559 560
559 557 525
546 552 542
521 520 552
520 542 552
521 508 520
508 512 520
508 482 512
482 473 512
474 473 483
473 482 483
474 483 479
483 495 479
479 495 480
495 490 480
393 390 392
390 393 411
393 412 411
411 412 414
412 457 414
457 458 414
458 448 414
449 448 460
448 458 460
460 463 449
463 464 449
449 447 448
450 464 444
449 464 447
464 450 447
323 322 304
58 57 156
58 156 134
156 189 134
134 189 135
189 173 135
172 258 173
258 135 173
258 172 127
172 128 127
13 127 128
718 721 722
