780 779 15
779 14 15
19 16 18
16 17 18
23 20 22
20 21 22
31 28 781
28 29 781
787 51 788
787 789 51
789 55 51
59 56 791
56 790 791
83 80 82
80 81 82
84 85 51
85 788 51
87 86 59
86 56 59
786 785 89
785 88 89
90 88 784
88 785 784
92 91 782
91 783 782
28 104 29
104 105 29
133 797 136
797 798 136
143 144 19
144 145 19
795 82 794
82 81 794
794 81 800
81 153 800
158 145 14
145 15 14
163 160 801
160 161 801
803 802 176
802 175 176
23 178 180
178 179 180
183 20 182
20 181 182
153 81 184
81 80 184
804 186 187
186 143 187
193 190 192
190 191 192
180 181 23
181 20 23
16 19 158
19 145 158
184 80 180
80 181 180
180 179 184
179 200 184
83 82 202
82 201 202
84 203 205
203 204 205
20 183 21
183 206 21
22 207 23
207 178 23
204 178 208
178 207 208
205 204 209
204 208 209
209 210 205
210 211 205
203 179 204
179 178 204
212 175 87
175 213 87
205 211 84
211 85 84
192 216 217
219 217 218
217 216 218
16 219 17
219 218 17
143 19 220
19 18 220
221 806 807
213 175 808
175 802 808
87 213 86
213 226 86
158 227 16
227 219 16
133 212 59
212 87 59
210 209 191
209 192 191
192 217 193
217 229 193
229 227 231
227 230 231
88 90 233
90 232 233
234 235 92
235 91 92
236 233 231
233 229 231
235 234 190
234 239 190
810 792 809
253 250 812
250 811 812
256 813 153
813 800 153
260 814 259
814 796 259
212 133 261
133 136 261
186 804 816
804 815 816
193 229 232
229 233 232
206 269 220
269 270 220
818 790 272
790 56 272
260 259 274
259 144 274
819 269 276
269 206 276
791 797 59
797 133 59
82 795 201
795 820 201
276 810 819
810 809 819
80 83 181
83 182 181
221 282 806
282 226 806
799 816 815
259 796 15
796 780 15
219 227 217
227 229 217
282 283 226
283 86 226
145 144 15
144 259 15
89 88 236
88 233 236
287 286 104
286 105 104
161 160 289
160 182 289
292 276 291
276 290 291
261 274 176
274 186 176
274 144 186
144 143 186
272 56 283
56 86 283
250 253 287
253 286 287
14 230 158
230 227 158
213 808 226
808 806 226
161 805 801
291 290 163
290 160 163
810 276 293
276 292 293
283 282 295
282 294 295
296 272 295
272 283 295
818 272 821
272 296 821
282 221 294
221 299 294
221 807 299
807 822 299
302 303 299
303 294 299
307 823 306
823 305 306
823 307 824
307 308 824
307 306 311
306 310 311
314 311 313
311 312 313
312 311 315
311 310 315
315 310 303
310 316 303
314 308 311
308 307 311
825 318 826
318 319 826
318 825 308
825 824 308
310 306 316
306 305 316
295 316 296
316 305 296
305 827 296
827 821 296
823 828 305
828 827 305
295 294 316
294 303 316
303 334 315
334 312 315
334 335 312
335 313 312
336 334 302
334 303 302
335 334 829
334 336 829
335 830 313
830 339 313
299 822 302
822 831 302
302 831 336
831 832 336
336 832 829
829 833 335
833 830 335
319 318 314
318 308 314
319 339 826
339 830 826
313 339 314
339 319 314
136 798 260
798 814 260
186 816 176
816 803 176
274 261 260
261 136 260
261 176 212
176 175 212
363 360 835
360 834 835
365 364 363
364 360 363
366 836 369
836 837 369
841 840 383
840 382 383
388 382 365
382 389 365
382 840 389
840 844 389
365 389 364
389 395 364
363 366 365
366 388 365
388 366 399
366 369 399
845 834 400
834 360 400
835 836 363
836 366 363
842 404 843
404 395 843
404 405 395
405 364 395
383 399 269
399 270 269
400 360 405
360 364 405
389 844 395
844 843 395
405 404 407
404 406 407
408 400 407
400 405 407
846 845 408
845 400 408
404 842 406
842 847 406
848 415 847
415 406 847
419 849 418
849 417 418
418 417 421
417 420 421
418 421 423
421 422 423
426 423 425
423 424 425
424 423 427
423 422 427
426 419 423
419 418 423
419 428 849
428 850 849
422 421 430
421 420 430
407 430 408
430 420 408
420 851 408
851 846 408
417 852 420
852 851 420
852 417 849
427 422 415
422 430 415
407 406 430
406 415 430
850 428 853
428 445 853
415 446 427
446 424 427
425 424 854
424 446 854
855 446 848
446 415 848
854 446 855
425 854 451
854 856 451
445 451 853
451 856 853
445 428 426
428 419 426
425 451 426
451 445 426
369 837 187
837 804 187
269 819 383
819 841 383
399 369 270
369 187 270
809 838 819
399 383 388
383 382 388
815 804 839
220 270 143
270 187 143
21 206 18
206 220 18
22 21 17
21 18 17
207 22 218
22 17 218
475 472 858
472 857 858
477 476 475
476 472 475
481 478 860
478 859 860
863 862 493
862 492 493
498 492 477
492 499 477
492 862 499
862 866 499
477 499 476
499 505 476
475 478 477
478 498 477
509 498 481
498 478 481
867 857 511
857 472 511
858 859 475
859 478 475
864 515 865
515 505 865
515 516 505
516 476 505
509 291 493
291 163 493
511 472 516
472 476 516
499 866 505
866 865 505
516 515 518
515 517 518
519 511 518
511 516 518
868 867 519
867 511 519
515 864 517
864 869 517
870 526 869
526 517 869
530 527 529
527 528 529
529 528 532
528 531 532
529 532 534
532 533 534
537 534 536
534 535 536
535 534 538
534 533 538
537 530 534
530 529 534
527 530 871
530 539 871
541 533 531
533 532 531
518 541 519
541 531 519
531 872 519
872 868 519
528 873 531
873 872 531
527 874 528
874 873 528
533 541 538
541 526 538
518 517 541
517 526 541
871 875 527
875 874 527
871 539 876
539 556 876
526 877 538
877 535 538
536 535 878
535 877 878
877 526 870
878 879 536
879 562 536
556 562 876
562 879 876
556 539 537
539 530 537
536 562 537
562 556 537
292 481 293
481 860 293
801 863 163
863 493 163
291 509 292
509 481 292
498 509 492
509 493 492
810 293 861
293 860 861
587 584 586
584 585 586
589 588 587
588 584 587
593 590 592
590 591 592
586 585 881
585 880 881
883 610 884
610 611 884
881 885 586
885 591 586
589 616 617
616 610 617
617 610 888
610 883 888
589 617 588
617 623 588
587 590 589
590 616 589
627 616 593
616 590 593
629 585 628
585 584 628
586 591 587
591 590 587
886 632 887
632 623 887
632 633 623
633 588 623
889 880 629
880 585 629
611 627 201
627 202 201
628 584 633
584 588 633
591 885 592
885 882 592
617 888 623
888 887 623
633 632 635
632 634 635
636 628 635
628 633 635
637 629 636
629 628 636
890 889 637
889 629 637
632 886 634
886 891 634
891 892 634
892 643 634
644 645 647
645 646 647
646 645 649
645 648 649
646 649 651
649 650 651
651 652 654
652 653 654
652 651 655
651 650 655
654 647 651
647 646 651
647 656 644
656 657 644
658 650 648
650 649 648
635 658 636
658 648 636
648 659 636
659 637 636
648 645 659
645 660 659
661 660 644
660 645 644
650 658 655
658 643 655
635 634 658
634 643 658
644 657 661
657 662 661
893 660 894
660 661 894
894 661 895
661 662 895
660 893 659
893 896 659
890 637 896
637 659 896
672 662 671
662 657 671
657 656 671
656 673 671
643 674 655
674 652 655
675 653 674
653 652 674
674 643 897
643 892 897
675 674 898
674 897 898
653 675 679
675 678 679
673 679 671
679 678 671
900 672 899
671 678 672
678 899 672
898 899 675
899 678 675
672 900 662
900 895 662
673 656 654
656 647 654
653 679 654
679 673 654
289 593 161
593 592 161
202 627 289
627 593 289
627 611 616
611 610 616
805 161 882
161 592 882
698 697 28
697 104 28
31 817 903
697 705 104
705 287 104
28 31 698
31 903 698
706 250 705
250 287 705
902 811 706
811 250 706
708 706 707
706 705 707
904 902 708
902 706 708
705 697 707
697 712 707
697 698 712
698 713 712
905 713 903
713 698 903
712 715 707
715 716 707
906 909 724
909 723 724
726 724 725
724 723 725
727 907 724
907 906 724
729 910 727
910 907 727
723 909 731
909 908 731
708 731 904
731 908 904
723 731 725
731 716 725
708 707 731
707 716 731
910 729 911
716 746 725
746 726 725
747 726 748
726 746 748
746 716 749
716 715 749
748 746 750
746 749 750
748 751 747
751 752 747
729 752 911
752 751 911
726 747 724
747 727 724
747 752 727
752 729 727
758 713 913
713 905 913
713 758 712
758 715 712
758 759 715
759 749 715
759 758 914
758 913 914
761 759 915
759 914 915
750 749 761
749 759 761
761 916 750
916 765 750
915 918 761
918 916 761
916 917 765
917 912 765
911 751 912
751 765 912
750 765 748
765 751 748
208 207 216
207 218 216
208 216 209
216 192 209
183 290 206
290 276 206
83 202 182
202 289 182
290 183 160
183 182 160
201 901 611
901 884 611
901 201 820
817 31 778
31 781 778
14 779 781
230 14 29
14 781 29
231 230 105
230 29 105
231 105 236
105 286 236
236 286 89
286 253 89
89 253 786
253 812 786
784 783 90
783 91 90
90 91 232
91 235 232
232 235 193
235 190 193
813 256 789
184 200 153
200 256 153
179 203 200
203 55 200
789 256 55
256 200 55
203 84 55
84 51 55
793 788 121
788 85 121
121 85 214
85 211 214
214 211 215
211 210 215
215 210 279
210 191 279
190 239 191
239 279 191
